N, V, Time (ms)
10000000, 2, 439.706
10000000, 4, 420.682
10000000, 8, 451.9
10000000, 16, 419.327
10000000, 32, 456.575
10000000, 64, 408.356
10000000, 128, 416.066
10000000, 256, 436.604
